1668.8259946687106, 0.0
1601.4059417009853, 0.1
1539.3520565856213, 0.2
1482.0088435801192, 0.30000000000000004
1428.8264799260046, 0.4
1379.3403356987267, 0.5
1333.155046930047, 0.6000000000000001
1289.9320088057962, 0.7000000000000001
1249.37946638418, 0.8
1211.2445983201314, 0.9
1175.3071442191967, 1.0
1141.3742380211697, 1.1
1109.2761912906776, 1.2000000000000002
1078.8630303278187, 1.3
1050.0016356966987, 1.4000000000000001
1022.5733663426621, 1.5
996.4720759161826, 1.6
971.6024483691183, 1.7000000000000002
947.8785948672332, 1.8
925.2228656829344, 1.9000000000000001
903.5648398088927, 2.0
882.8404621691428, 2.1
862.9913039485805, 2.2
843.963926052003, 2.3000000000000003
825.7093292953589, 2.4000000000000004
808.1824778193746, 2.5
791.3418845484899, 2.6
775.1492494113809, 2.7
759.5691425827694, 2.8000000000000003
744.5687262696448, 2.9000000000000004
730.1175096033603, 3.0
716.1871320556436, 3.1
702.7511715057556, 3.2
689.7849736752473, 3.3000000000000003
677.2655001379012, 3.4000000000000004
665.1711925231651, 3.5
653.4818508758885, 3.6
642.1785244250023, 3.7
631.2434132583119, 3.8000000000000003
620.659779607456, 3.9000000000000004
610.4118676225793, 4.0
600.4848306655433, 4.1000000000000005
590.8646652777763, 4.2
581.5381510876725, 4.3
572.492796015681, 4.4
563.7167862153136, 4.5
555.1989402572403, 4.6000000000000005
546.9286671231466, 4.7
538.8959276274703, 4.800000000000001
531.0911989297491, 4.9
523.5054418390387, 5.0
516.1300706456, 5.1000000000000005
508.95692524446787, 5.2
501.9782453412395, 5.300000000000001
495.1866465529499, 5.4
488.57509823668204, 5.5
482.13690289595365, 5.6000000000000005
475.86567703025617, 5.7
469.75533330665723, 5.800000000000001
463.80006394435793, 5.9
457.99432521371386, 6.0
452.3328229606552, 6.1000000000000005
446.8104990758385, 6.2
441.4225188353326, 6.300000000000001
436.16425904632706, 6.4
431.03129693732353, 6.5
426.01939973762205, 6.6000000000000005
421.1245148957243, 6.7
416.34276089059557, 6.800000000000001
411.67041859361746, 6.9
407.1039231425792, 7.0
402.6398562922219, 7.1000000000000005
398.2749392087272, 7.2
394.0060256781376, 7.300000000000001
389.8300957010622, 7.4
385.74424944816514, 7.5
381.74570155288745, 7.6000000000000005
377.83177571963785, 7.7
373.9998996273056, 7.800000000000001
370.2476001094444, 7.9
366.5724985938227, 8.0
362.9723067852927, 8.1
359.4448225770642, 8.200000000000001
355.98792617652174, 8.3
352.5995764326851, 8.4
349.27780735330435, 8.5
346.0207248003927, 8.6
342.8265033537588, 8.700000000000001
339.69338333279285, 8.8
336.61966796740535, 8.9
333.60372070961165, 9.0
330.64396267780626, 9.1
327.73887022627946, 9.200000000000001
324.88697263300315, 9.3
322.0868498991532, 9.4
319.337130654238, 9.5
316.6364901610889, 9.600000000000001
313.9836484153152, 9.700000000000001
311.3773683341568, 9.8
308.81645402997395, 9.9
306.2997491638964, 10.0
303.8261353754226, 10.100000000000001
301.3945307840053, 10.200000000000001
299.0038885588941, 10.3
296.65319555371883, 10.4
294.3414710025049, 10.5
292.0677652739954, 10.600000000000001
289.831158681338, 10.700000000000001
287.6307603443561, 10.8
285.4657071017824, 10.9
283.3351624709778, 11.0
281.23831565279596, 11.100000000000001
279.1743805793816, 11.200000000000001
277.14259500281275, 11.3
275.14221962260984, 11.4
273.17253725024, 11.5
271.2328520088476, 11.600000000000001
269.3224885665343, 11.700000000000001
267.44079140160085, 11.8
265.58712409824835, 11.9
263.7608686713121, 12.0
261.9614249186783, 12.100000000000001
260.18820980010224, 12.200000000000001
258.4406568412124, 12.3
256.7182155615479, 12.4
255.02035092553467, 12.5
253.34654281536143, 12.600000000000001
251.69628552476857, 12.700000000000001
250.06908727281257, 12.8
248.46446973671559, 12.9
246.88196760295295, 13.0
245.3211281357746, 13.100000000000001
243.7815107623937, 13.200000000000001
242.262686674116, 13.3
240.76423844271508, 13.4
239.28575965139626, 13.5
237.8268545397196, 13.600000000000001
236.3871376618855, 13.700000000000001
234.96623355781298, 13.8
233.56377643646834, 13.9
232.17940987092783, 14.0
230.81278650468101, 14.100000000000001
229.46356776870573, 14.200000000000001
228.13142360886647, 14.3
226.8160322232095, 14.4
225.51707980874647, 14.5
224.2342603173382, 14.600000000000001
222.9672752203075, 14.700000000000001
221.7158332814264, 14.8
220.4796503379394, 14.9
219.2584490893002, 15.0
218.05195889331236, 15.100000000000001
216.85991556937955, 15.200000000000001
215.6820612085835, 15.3
214.51814399031946, 15.4
213.36791800523312, 15.5
212.23114308421043, 15.600000000000001
211.10758463318678, 15.700000000000001
209.99701347354903, 15.8
208.8992056879146, 15.9
207.81394247108187, 16.0
206.7410099859538, 16.1
205.6801992242456, 16.2
204.63130587179543, 16.3
203.59413017830468, 16.400000000000002
202.56847683134131, 16.5
201.55415483444725, 16.6
200.55097738919727, 16.7
199.55876178106257, 16.8
198.5773292689394, 16.900000000000002
197.60650497820802, 17.0
196.6461177971928, 17.1
195.69600027690018, 17.2
194.75598853391523, 17.3
193.82592215634367, 17.400000000000002
192.90564411268937, 17.5
191.9950006635628, 17.6
191.09384127611946, 17.7
190.2020185411322, 17.8
189.3193880926034, 17.900000000000002
188.445808529829, 18.0
187.58114134182796, 18.1
186.72525083405503, 18.2
185.87800405731767, 18.3
185.0392707388208, 18.400000000000002
184.20892321526682, 18.5
183.38683636794013, 18.6
182.57288755970848, 18.7
181.76695657387643, 18.8
180.96892555482825, 18.900000000000002
180.17867895039984, 19.0
179.39610345592223, 19.1
178.6210879598804, 19.200000000000003
177.85352349113396, 19.3
177.09330316764834, 19.400000000000002
176.34032214668622, 19.5
175.59447757641166, 19.6
174.8556685488608, 19.700000000000003
174.12379605423445, 19.8
173.3987629364699, 19.900000000000002
172.68047385005087, 20.0
171.96883521801556, 20.1
171.2637551911244, 20.200000000000003
170.56514360815115, 20.3
169.8729119572609, 20.400000000000002
169.1869733384413, 20.5
168.50724242695378, 20.6
167.83363543777202, 20.700000000000003
167.1660700909782, 20.8
166.5044655780862, 20.900000000000002
165.84874252926363, 21.0
165.19882298142448, 21.1
164.55463034716632, 21.200000000000003
163.91608938452552, 21.3
163.28312616752623, 21.400000000000002
162.65566805749862, 21.5
162.03364367514322, 21.6
161.41698287331903, 21.700000000000003
160.80561671053368, 21.8
160.1994774251145, 21.900000000000002
159.59849841004058, 22.0
159.00261418841583, 22.1
158.4117603895648, 22.200000000000003
157.8258737257321, 22.3
157.24489196936827, 22.400000000000002
156.66875393098536, 22.5
156.0973994375646, 22.6
155.53076931150144, 22.700000000000003
154.96880535007145, 22.8
154.41145030540284, 22.900000000000002
153.8586478649409, 23.0
153.3103426323899, 23.1
152.7664801091199, 23.200000000000003
152.22700667602422, 23.3
151.6918695758158, 23.400000000000002
151.1610168957496, 23.5
150.63439755075922, 23.6
150.1119612669965, 23.700000000000003
149.59365856576258, 23.8
149.07944074781986, 23.900000000000002
148.56925987807418, 24.0
148.06306877061724, 24.1
147.56082097411945, 24.200000000000003
147.06247075756346, 24.3
146.56797309630915, 24.400000000000002
146.07728365848175, 24.5
145.59035879167337, 24.6
145.1071555099503, 24.700000000000003
144.62763148115778, 24.8
144.1517450145141, 24.900000000000002
143.6794550484866, 25.0
143.2107211389419, 25.1
142.74550344756364, 25.200000000000003
142.28376273052976, 25.3
141.82546032744384, 25.400000000000002
141.3705581505127, 25.5
140.91901867396444, 25.6
140.47080492370108, 25.700000000000003
140.0258804671786, 25.8
139.58420940350996, 25.900000000000002
139.1457563537843, 26.0
138.71048645159738, 26.1
138.27836533378786, 26.200000000000003
137.84935913137383, 26.3
137.4234344606852, 26.400000000000002
137.00055841468645, 26.5
136.58069855448505, 26.6
136.16382290102158, 26.700000000000003
135.74989992693588, 26.8
135.33889854860615, 26.900000000000002
134.93078811835557, 27.0
134.52553841682325, 27.1
134.12311964549497, 27.200000000000003
133.7235024193898, 27.3
133.32665775989923, 27.400000000000002
132.93255708777463, 27.5
132.54117221625972, 27.6
132.1524753443644, 27.700000000000003
131.76643905027706, 27.8
131.38303628491096, 27.900000000000002
131.00224036558288, 28.0
130.62402496981977, 28.1
130.2483641292909, 28.200000000000003
129.87523222386255, 28.3
129.50460397577208, 28.400000000000002
129.1364544439191, 28.5
128.7707590182701, 28.6
128.4074934143751, 28.700000000000003
128.04663366799278, 28.8
127.68815612982182, 28.900000000000002
127.33203746033632, 29.0
126.97825462472244, 29.1
126.62678488791445, 29.200000000000003
126.2776058097273, 29.3
125.93069524008423, 29.400000000000002
125.5860313143366, 29.5
125.24359244867436, 29.6
124.90335733562483, 29.700000000000003
124.56530493963794, 29.8
124.22941449275581, 29.900000000000002
123.89566549036522, 30.0
123.56403768703058, 30.1
123.234511092406, 30.200000000000003
122.90706596722453, 30.3
122.58168281936301, 30.400000000000002
122.25834239998073, 30.5
121.93702569973038, 30.6
121.61771394503964, 30.700000000000003
121.30038859446204, 30.8
120.98503133509524, 30.900000000000002
120.6716240790658, 31.0
120.36014896007848, 31.1
120.05058833002893, 31.200000000000003
119.74292475567854, 31.3
119.43714101538993, 31.400000000000002
119.13322009592166, 31.5
118.83114518928141, 31.6
118.53089968963577, 31.700000000000003
118.23246719027597, 31.8
117.93583148063803, 31.900000000000002
117.6409765433763, 32.0
117.34788655148944, 32.1
117.05654586549738, 32.2
116.76693903066864, 32.300000000000004
116.47905077429658, 32.4
116.19286600302382, 32.5
115.9083698002137, 32.6
115.62554742336795, 32.7
115.34438430158957, 32.800000000000004
115.06486603308971, 32.9
114.78697838273838, 33.0
114.51070727965723, 33.1
114.23603881485414, 33.2
113.96295923889865, 33.300000000000004
113.69145495963724, 33.4
113.42151253994788, 33.5
113.15311869553285, 33.6
112.8862602927494, 33.7
112.62092434647698, 33.800000000000004
112.35709801802096, 33.9
112.09476861305146, 34.0
111.83392357957717, 34.1
111.57455050595311, 34.2
111.31663711892172, 34.300000000000004
111.06017128168685, 34.4
110.80514099201966, 34.5
110.55153438039622, 34.6
110.29933970816568, 34.7
110.04854536574902, 34.800000000000004
109.79913987086726, 34.9
109.55111186679898, 35.0
109.30445012066613, 35.1
109.05914352174813, 35.2
108.81518107982342, 35.300000000000004
108.57255192353766, 35.4
108.3312452987989, 35.5
108.09125056719816, 35.6
107.85255720445593, 35.7
107.61515479889333, 35.800000000000004
107.37903304992795, 35.9
107.14418176659373, 36.0
106.91059086608438, 36.1
106.67825037232006, 36.2
106.44715041453681, 36.300000000000004
106.21728122589812, 36.4
105.9886331421287, 36.5
105.76119660016955, 36.6
105.53496213685415, 36.7
105.30992038760556, 36.800000000000004
105.08606208515354, 36.9
104.86337805827216, 37.0
104.6418592305364, 37.1
104.42149661909852, 37.2
104.20228133348314, 37.300000000000004
103.9842045744009, 37.4
103.7672576325804, 37.5
103.55143188761795, 37.6
103.33671880684514, 37.7
103.12310994421347, 37.800000000000004
102.91059693919608, 37.9
102.69917151570603, 38.0
102.48882548103113, 38.1
102.27955072478483, 38.2
102.07133921787269, 38.300000000000004
101.86418301147472, 38.400000000000006
101.65807423604274, 38.5
101.45300510031281, 38.6
101.24896789033244, 38.7
101.04595496850217, 38.800000000000004
100.84395877263142, 38.900000000000006
100.64297181500851, 39.0
100.44298668148393, 39.1
100.24399603056774, 39.2
100.04599259253975, 39.300000000000004
99.84896916857289, 39.400000000000006
99.65291862986963, 39.5
99.4578339168106, 39.6
99.2637080381159, 39.7
99.07053407001852, 39.800000000000004
98.87830515544965, 39.900000000000006
98.68701450323586, 40.0
98.49665538730778, 40.1
98.30722114592027, 40.2
98.11870518088361, 40.300000000000004
97.93110095680585, 40.400000000000006
97.74440200034589, 40.5
97.55860189947725, 40.6
97.37369430276229, 40.7
97.1896729186366, 40.800000000000004
97.00653151470382, 40.900000000000006
96.82426391704004, 41.0
96.6428640095082, 41.1
96.4623257330822, 41.2
96.28264308518015, 41.300000000000004
96.1038101190074, 41.400000000000006
95.9258209429083, 41.5
95.74866971972729, 41.6
95.57235066617866, 41.7
95.39685805222518, 41.800000000000004
95.22218620046522, 41.900000000000006
95.04832948552831, 42.0
94.87528233347929, 42.1
94.70303922123003, 42.2
94.53159467595995, 42.300000000000004
94.36094327454389, 42.400000000000006
94.19107964298802, 42.5
94.02199845587342, 42.6
93.85369443580711, 42.7
93.6861623528807, 42.800000000000004
93.51939702413603, 42.900000000000006
93.35339331303847, 43.0
93.18814612895676, 43.1
93.02365042665042, 43.2
92.8599012057634, 43.300000000000004
92.69689351032514, 43.400000000000006
92.53462242825768, 43.5
92.37308309088974, 43.6
92.21227067247708, 43.7
92.05218038972927, 43.800000000000004
91.89280750134262, 43.900000000000006
91.7341473075394, 44.0
91.57619514961294, 44.1
91.41894640947896, 44.2
91.26239650923253, 44.300000000000004
91.10654091071093, 44.400000000000006
90.95137511506226, 44.5
90.7968946623195, 44.6
90.64309513098027, 44.7
90.489972137592, 44.800000000000004
90.33752133634236, 44.900000000000006
90.18573841865509, 45.0
90.03461911279099, 45.1
89.88415918345396, 45.2
89.7343544314023, 45.300000000000004
89.5852006930647, 45.400000000000006
89.43669384016144, 45.5
89.28882977933009, 45.6
89.14160445175621, 45.7
88.99501383280867, 45.800000000000004
88.84905393167953, 45.900000000000006
88.70372079102859, 46.0
88.55901048663215, 46.1
88.41491912703661, 46.2
88.27144285321602, 46.300000000000004
88.12857783823416, 46.400000000000006
87.98632028691075, 46.5
87.8446664354918, 46.6
87.70361255132418, 46.7
87.56315493253408, 46.800000000000004
87.42328990770957, 46.900000000000006
87.2840138355871, 47.0
87.14532310474166, 47.1
87.00721413328112, 47.2
86.86968336854397, 47.300000000000004
86.732727286801, 47.400000000000006
86.59634239296048, 47.5
86.4605252202771, 47.6
86.3252723300644, 47.7
86.19058031141053, 47.800000000000004
86.05644578089775, 47.900000000000006
85.92286538232513, 48.0
85.7898357864347, 48.1
85.65735369064082, 48.2
85.52541581876287, 48.300000000000004
85.3940189207612, 48.400000000000006
85.26315977247611, 48.5
85.13283517537013, 48.6
85.00304195627318, 48.7
84.87377696713098, 48.800000000000004
84.74503708475632, 48.900000000000006
84.61681921058329, 49.0
84.48912027042448, 49.1
84.36193721423106, 49.2
84.23526701585556, 49.300000000000004
84.10910667281767, 49.400000000000006
83.98345320607262, 49.5
83.85830365978228, 49.6
83.73365510108906, 49.7
83.60950461989239, 49.800000000000004
83.48584932862778, 49.900000000000006
83.36268636204852, 50.0
83.2400128770098, 50.1
83.11782605225551, 50.2
82.99612308820736, 50.300000000000004
82.87490120675653, 50.400000000000006
82.75415765105765, 50.5
82.63388968532522, 50.6
82.51409459463234, 50.7
82.39476968471168, 50.800000000000004
82.27591228175893, 50.900000000000006
82.15751973223823, 51.0
82.0395894026901, 51.1
81.92211867954123, 51.2
81.80510496891677, 51.300000000000004
81.68854569645448, 51.400000000000006
81.57243830712125, 51.5
81.4567802650313, 51.6
81.34156905326688, 51.7
81.22680217370068, 51.800000000000004
81.11247714682034, 51.900000000000006
80.99859151155496, 52.0
80.88514282510349, 52.1
80.77212866276497, 52.2
80.65954661777096, 52.300000000000004
80.54739430111938, 52.400000000000006
80.43566934141064, 52.5
80.32436938468535, 52.6
80.21349209426373, 52.7
80.10303515058709, 52.800000000000004
79.99299625106092, 52.900000000000006
79.88337310989945, 53.0
79.77416345797249, 53.1
79.66536504265333, 53.2
79.55697562766875, 53.300000000000004
79.44899299295047, 53.400000000000006
79.3414149344882, 53.5
79.23423926418445, 53.6
79.12746380971078, 53.7
79.02108641436558, 53.800000000000004
78.91510493693355, 53.900000000000006
78.80951725154655, 54.0
78.70432124754603, 54.1
78.5995148293469, 54.2
78.49509591630292, 54.300000000000004
78.39106244257341, 54.400000000000006
78.28741235699161, 54.5
78.18414362293416, 54.6
78.08125421819224, 54.7
77.9787421348439, 54.800000000000004
77.87660537912785, 54.900000000000006
77.77484197131855, 55.0
77.67344994560261, 55.1
77.57242734995654, 55.2
77.47177224602572, 55.300000000000004
77.37148270900477, 55.400000000000006
77.27155682751903, 55.5
77.1719927035074, 55.6
77.07278845210634, 55.7
76.97394220153512, 55.800000000000004
76.87545209298227, 55.900000000000006
76.77731628049315, 56.0
76.67953293085883, 56.1
76.58210022350595, 56.2
76.48501635038785, 56.300000000000004
76.38827951587682, 56.400000000000006
76.29188793665737, 56.5
76.1958398416207, 56.6
76.1001334717602, 56.7
76.00476708006809, 56.800000000000004
75.90973893143303, 56.900000000000006
75.8150473025388, 57.0
75.72069048176417, 57.1
75.62666676908353, 57.2
75.53297447596871, 57.300000000000004
75.43961192529181, 57.400000000000006
75.34657745122891, 57.5
75.25386939916484, 57.6
75.16148612559883, 57.7
75.06942599805129, 57.800000000000004
74.97768739497131, 57.900000000000006
74.88626870564522, 58.0
74.79516833010605, 58.1
74.70438467904395, 58.2
74.61391617371731, 58.300000000000004
74.52376124586506, 58.400000000000006
74.4339183376196, 58.5
74.34438590142078, 58.6
74.25516239993055, 58.7
74.16624630594866, 58.800000000000004
74.07763610232901, 58.900000000000006
73.989330281897, 59.0
73.90132734736754, 59.1
73.81362581126399, 59.2
73.72622419583786, 59.300000000000004
73.63912103298921, 59.400000000000006
73.55231486418805, 59.5
73.46580424039625, 59.6
73.37958772199043, 59.7
73.29366387868545, 59.800000000000004
73.20803128945875, 59.900000000000006
73.12268854247536, 60.0
73.03763423501373, 60.1
72.9528669733921, 60.2
72.86838537289587, 60.300000000000004
72.78418805770534, 60.400000000000006
72.70027366082442, 60.5
72.61664082400985, 60.6
72.53328819770127, 60.7
72.45021444095173, 60.800000000000004
72.36741822135917, 60.900000000000006
72.28489821499825, 61.0
72.20265310635301, 61.1
72.12068158825018, 61.2
72.03898236179305, 61.300000000000004
71.95755413629598, 61.400000000000006
71.87639562921962, 61.5
71.79550556610661, 61.6
71.71488268051799, 61.7
71.6345257139702, 61.800000000000004
71.55443341587262, 61.900000000000006
71.47460454346574, 62.0
71.39503786175997, 62.1
71.31573214347488, 62.2
71.2366861689791, 62.300000000000004
71.15789872623087, 62.400000000000006
71.07936861071894, 62.5
71.00109462540419, 62.6
70.92307558066179, 62.7
70.84531029422371, 62.800000000000004
70.76779759112205, 62.900000000000006
70.69053630363264, 63.0
70.61352527121937, 63.1
70.53676334047887, 63.2
70.46024936508576, 63.300000000000004
70.38398220573848, 63.400000000000006
70.30796073010546, 63.5
70.23218381277204, 63.6
70.15665033518748, 63.7
70.08135918561291, 63.800000000000004
70.00630925906943, 63.900000000000006
69.93149945728675, 64.0
69.85692868865249, 64.10000000000001
69.78259586816169, 64.2
69.70849991736684, 64.3
69.63463976432851, 64.4
69.56101434356628, 64.5
69.48762259601017, 64.60000000000001
69.41446346895242, 64.7
69.34153591599991, 64.8
69.26883889702682, 64.9
69.19637137812776, 65.0
69.12413233157136, 65.10000000000001
69.05212073575426, 65.2
68.9803355751555, 65.3
68.9087758402913, 65.4
68.83744052767037, 65.5
68.76632863974939, 65.60000000000001
68.6954391848891, 65.7
68.62477117731062, 65.8
68.55432363705233, 65.9
68.48409558992698, 66.0
68.41408606747922, 66.10000000000001
68.34429410694356, 66.2
68.27471875120264, 66.3
68.20535904874589, 66.4
68.13621405362854, 66.5
68.06728282543104, 66.60000000000001
67.99856442921876, 66.7
67.93005793550213, 66.8
67.86176242019701, 66.9
67.79367696458553, 67.0
67.7258006552772, 67.10000000000001
67.65813258417042, 67.2
67.59067184841416, 67.3
67.52341755037028, 67.4
67.45636879757579, 67.5
67.3895247027058, 67.60000000000001
67.32288438353652, 67.7
67.25644696290874, 67.8
67.19021156869157, 67.9
67.12417733374647, 68.0
67.05834339589165, 68.10000000000001
66.99270889786669, 68.2
66.92727298729753, 68.3
66.86203481666175, 68.4
66.79699354325412, 68.5
66.73214832915254, 68.60000000000001
66.66749834118401, 68.7
66.60304275089129, 68.8
66.53878073449945, 68.9
66.47471147288299, 69.0
66.41083415153305, 69.10000000000001
66.347147960525, 69.2
66.28365209448631, 69.3
66.22034575256463, 69.4
66.15722813839612, 69.5
66.09429846007416, 69.60000000000001
66.03155593011824, 69.7
65.96899976544313, 69.8
65.90662918732826, 69.9
65.84444342138745, 70.0
65.78244169753883, 70.10000000000001
65.72062324997499, 70.2
65.65898731713347, 70.3
65.5975331416674, 70.4
65.53625997041642, 70.5
65.47516705437786, 70.60000000000001
65.4142536486781, 70.7
65.3535190125443, 70.8
65.29296240927611, 70.9
65.23258310621799, 71.0
65.17238037473132, 71.10000000000001
65.11235349016711, 71.2
65.05250173183876, 71.3
64.99282438299498, 71.4
64.93332073079314, 71.5
64.87399006627264, 71.60000000000001
64.8148316843286, 71.7
64.75584488368571, 71.8
64.6970289668724, 71.9
64.63838324019503, 72.0
64.5799070137125, 72.10000000000001
64.52159960121094, 72.2
64.46346032017857, 72.3
64.40548849178086, 72.4
64.34768344083597, 72.5
64.29004449579004, 72.60000000000001
64.23257098869315, 72.7
64.17526225517507, 72.8
64.11811763442145, 72.9
64.06113646915009, 73.0
64.00431810558746, 73.10000000000001
63.94766189344533, 73.2
63.891167185897686, 73.3
63.834833339557775, 73.4
63.77865971445527, 73.5
63.722645674013776, 73.60000000000001
63.666790585028366, 73.7
63.611093817643365, 73.8
63.555554745330284, 73.9
63.500172744865964, 74.0
63.44494719631086, 74.10000000000001
63.3898774829875, 74.2
63.334962991459115, 74.3
63.280203111508456, 74.4
63.22559723611674, 74.5
63.17114476144282, 74.60000000000001
63.11684508680243, 74.7
63.06269761464772, 74.8
63.00870175054676, 74.9
62.95485690316345, 75.0
62.901162484237375, 75.10000000000001
62.847617908563905, 75.2
62.79422259397444, 75.3
62.74097596131686, 75.4
62.687877434436004, 75.5
62.634926440154416, 75.60000000000001
62.58212240825322, 75.7
62.52946477145303, 75.8
62.47695296539519, 75.9
62.42458642862304, 76.0
62.37236460256329, 76.10000000000001
62.320286931507695, 76.2
62.2683528625947, 76.3
62.216561845791354, 76.4
62.16491333387523, 76.5
62.11340678241665, 76.60000000000001
62.062041649760886, 76.7
62.01081739701062, 76.80000000000001
61.95973348800844, 76.9
61.90878938931953, 77.0
61.8579845702145, 77.10000000000001
61.80731850265225, 77.2
61.75679066126314, 77.30000000000001
61.70640052333211, 77.4
61.656147568781954, 77.5
61.6060312801569, 77.60000000000001
61.55605114260605, 77.7
61.506206643867145, 77.80000000000001
61.45649727425036, 77.9
61.40692252662225, 78.0
61.357481896389785, 78.10000000000001
61.30817488148452, 78.2
61.25900098234696, 78.30000000000001
61.20995970191088, 78.4
61.16105054558791, 78.5
61.11227302125217, 78.60000000000001
61.063626639225, 78.7
61.015110912259864, 78.80000000000001
60.96672535552732, 78.9
60.918469486600124, 79.0
60.87034282543839, 79.10000000000001
60.822344894374986, 79.2
60.77447521810086, 79.30000000000001
60.726733323650656, 79.4
60.6791187403883, 79.5
60.63163099999272, 79.60000000000001
60.58426963644378, 79.7
60.53703418600816, 79.80000000000001
60.48992418722537, 79.9
60.44293918089404, 80.0
60.39607871005805, 80.10000000000001
60.34934231999292, 80.2
60.302729558192325, 80.30000000000001
60.256239974354564, 80.4
60.209873120369245, 80.5
60.16362855030407, 80.60000000000001
60.11750582039162, 80.7
60.071504489016334, 80.80000000000001
60.02562411670154, 80.9
59.97986426609658, 81.0
59.93422450196401, 81.10000000000001
59.88870439116694, 81.2
59.84330350265644, 81.30000000000001
59.79802140745902, 81.4
59.75285767866422, 81.5
59.70781189141228, 81.60000000000001
59.66288362288191, 81.7
59.618072452278156, 81.80000000000001
59.573377960820295, 81.9
59.528799731729876, 82.0
59.484337350218865, 82.10000000000001
59.439990403477765, 82.2
59.39575848066396, 82.30000000000001
59.351641172890055, 82.4
59.30763807321229, 82.5
59.26374877661908, 82.60000000000001
59.21997288001968, 82.7
59.176309982232745, 82.80000000000001
59.13275968397522, 82.9
59.08932158785113, 83.0
59.045995298340486, 83.10000000000001
59.00278042178832, 83.2
58.95967656639377, 83.30000000000001
58.916683342199185, 83.4
58.87380036107942, 83.5
58.8310272367311, 83.60000000000001
58.78836358466202, 83.7
58.745809022180595, 83.80000000000001
58.70336316838538, 83.9
58.66102564415469, 84.0
58.61879607213628, 84.10000000000001
58.57667407673705, 84.2
58.53465928411292, 84.30000000000001
58.49275132215869, 84.4
58.45094982049797, 84.5
58.409254410473245, 84.60000000000001
58.36766472513598, 84.7
58.326180399236776, 84.80000000000001
58.28480106921556, 84.9
58.243526373191926, 85.0
58.20235595095552, 85.10000000000001
58.16128944395643, 85.2
58.1203264952957, 85.30000000000001
58.079466749715905, 85.4
58.03870985359176, 85.5
57.99805545492086, 85.60000000000001
57.95750320331433, 85.7
57.91705274998778, 85.80000000000001
57.87670374775209, 85.9
57.836455851004374, 86.0
57.796308715719015, 86.10000000000001
57.7562619994387, 86.2
57.71631536126556, 86.30000000000001
57.67646846185234, 86.4
57.63672096339368, 86.5
57.5970725296174, 86.60000000000001
57.55752282577585, 86.7
57.518071518637356, 86.80000000000001
57.47871827647769, 86.9
57.43946276907162, 87.0
57.40030466768447, 87.10000000000001
57.36124364506382, 87.2
57.32227937543118, 87.30000000000001
57.28341153447375, 87.4
57.24463979933626, 87.5
57.20596384861283, 87.60000000000001
57.167383362338896, 87.7
57.12889802198319, 87.80000000000001
57.09050751043979, 87.9
57.05221151202016, 88.0
57.01400971244533, 88.10000000000001
56.97590179883812, 88.2
56.9378874597153, 88.30000000000001
56.89996638497993, 88.4
56.86213826591372, 88.5
56.824402795169405, 88.60000000000001
56.78675966676318, 88.7
56.749208576067225, 88.80000000000001
56.711749219802236, 88.9
56.67438129603003, 89.0
56.63710450414614, 89.10000000000001
56.599918544872594, 89.2
56.562823120250584, 89.30000000000001
56.52581793363328, 89.4
56.48890268967864, 89.5
56.45207709434234, 89.60000000000001
56.41534085487065, 89.7
56.37869367979345, 89.80000000000001
56.34213527891719, 89.9
56.305665363318056, 90.0
56.269283645334944, 90.10000000000001
56.232989838562744, 90.2
56.196783657845465, 90.30000000000001
56.160664819269485, 90.4
56.124633040156866, 90.5
56.088688039058646, 90.60000000000001
56.052829535748266, 90.7
56.01705725121491, 90.80000000000001
55.98137090765703, 90.9
55.94577022847585, 91.0
55.91025493826882, 91.10000000000001
55.874824762823295, 91.2
55.839479429110135, 91.30000000000001
55.80421866527733, 91.4
55.76904220064378, 91.5
55.73394976569295, 91.60000000000001
55.698941092066725, 91.7
55.664015912559236, 91.80000000000001
55.629173961110666, 91.9
55.594414972801225, 92.0
55.55973868384504, 92.10000000000001
55.5251448315842, 92.2
55.490633154482666, 92.30000000000001
55.45620339212045, 92.4
55.42185528518763, 92.5
55.38758857547853, 92.60000000000001
55.35340300588585, 92.7
55.31929832039491, 92.80000000000001
55.285274264077856, 92.9
55.25133058308797, 93.0
55.217467024653985, 93.10000000000001
55.18368333707438, 93.2
55.14997926971187, 93.30000000000001
55.11635457298773, 93.4
55.08280899837631, 93.5
55.04934229839948, 93.60000000000001
55.01595422662122, 93.7
54.982644537642116, 93.80000000000001
54.94941298709398, 93.9
54.9162593316345, 94.0
54.883183328941854, 94.10000000000001
54.85018473770945, 94.2
54.81726331764061, 94.30000000000001
54.78441882944338, 94.4
54.75165103482527, 94.5
54.71895969648813, 94.60000000000001
54.68634457812294, 94.7
54.653805444404775, 94.80000000000001
54.621342060987686, 94.9
54.588954194499635, 95.0
54.55664161253751, 95.10000000000001
54.52440408366212, 95.2
54.49224137739325, 95.30000000000001
54.460153264204706, 95.4
54.42813951551949, 95.5
54.396199903704854, 95.60000000000001
54.36433420206748, 95.7
54.33254218484874, 95.80000000000001
54.30082362721984, 95.9
54.26917830527712, 96.0
54.2376059960373, 96.10000000000001
54.20610647743283, 96.2
54.17467952830719, 96.30000000000001
54.14332492841031, 96.4
54.11204245839387, 96.5
54.08083189980685, 96.60000000000001
54.04969303509088, 96.7
54.01862564757577, 96.80000000000001
53.98762952147497, 96.9
53.95670444188117, 97.0
53.92585019476181, 97.10000000000001
53.895066566954654, 97.2
53.86435334616346, 97.30000000000001
53.833710320953585, 97.4
53.803137280747634, 97.5
53.772634015821204, 97.60000000000001
53.74220031729854, 97.7
53.711835977148326, 97.80000000000001
53.68154078817941, 97.9
53.651314544036666, 98.0
53.621157039196746, 98.10000000000001
53.591068068963956, 98.2
53.561047429466115, 98.30000000000001
53.53109491765047, 98.4
53.50121033127958, 98.5
53.471393468927275, 98.60000000000001
53.441644129974634, 98.7
53.41196211460597, 98.80000000000001
53.38234722380483, 98.9
53.35279925935003, 99.0
53.32331802381175, 99.10000000000001
53.29390332054759, 99.2
53.26455495369869, 99.30000000000001
53.23527272818585, 99.4
53.20605644970569, 99.5
53.17690592472682, 99.60000000000001
53.14782096048606, 99.7
53.118801364984606, 99.80000000000001
53.08984694698438, 99.9
